"","studyid","obsid","wlfresh","lnyear","lninc","sagulf","nema","nmw","local","prov","reg","cult","forest","q0","q1","volunt","lumpsum","ce","nrev","median","canada","lnwtp"
"1",101,1011,1,2.89,12.31369622,0,0,1,1,0,1,1,0,0,2499,0,0,0,0,0,0,5.54276660414745
"2",102,1021,0,2.197,11.80268697,0,1,0,0,1,0,1,0,11374,11407,0,1,1,0,0,0,3.56468216911147
"3",102,1022,0,2.197,11.80268697,0,1,0,0,1,0,1,0,11343,11407,0,1,1,0,0,0,3.7622492641556
"4",102,1023,0,2.197,11.80268697,0,1,0,0,1,0,1,0,11306,11407,0,1,1,0,0,0,3.92741876301744
"5",102,1024,0,2.197,11.80268697,0,1,0,0,1,0,1,0,11272,11407,0,1,1,0,0,0,4.10135151489831
"6",104,1041,1,0.693,11.47267793,0,0,1,0,0,1,1,0,3468,3968,1,0,0,0,1,0,0.906879843482057
"7",104,1042,1,0.693,11.47267793,0,0,1,0,0,1,1,1,69580,70080,1,0,0,0,1,0,2.22455992706461
"8",104,1043,1,0.693,11.47267793,0,0,1,0,0,1,1,1,21716,22216,1,0,0,0,1,0,1.94081674981908
"9",104,1044,1,0.693,11.47267793,0,0,1,0,0,1,1,1,908,1408,1,0,0,0,1,0,3.17573428027081
"10",106,1061,1,1.792,11.62468246,0,0,1,1,1,1,1,0,10000,13000,0,1,0,1,1,0,4.969109615158
"11",108,1082,0,3.219,11.86368833,1,0,0,0,1,1,0,0,32362,33862,0,1,1,0,0,0,5.46641832345536
"12",108,1084,0,3.219,11.86368833,1,0,0,0,1,1,0,0,522667,524167,0,1,1,0,0,0,6.67192772762919
"13",109,1091,0,2.565,11.80268697,0,1,0,0,1,1,1,0,11404,11407,0,0,1,0,0,0,5.72940960460511
"14",109,1092,0,2.565,11.80268697,0,1,0,0,1,1,1,0,11402,11407,0,0,1,0,0,0,5.78617987958607
"15",109,1093,0,2.565,11.80268697,0,1,0,0,1,1,1,0,11400,11407,0,0,1,0,0,0,5.8346321011241
"16",109,1094,0,2.565,11.80268697,0,1,0,0,1,1,1,0,11398,11407,0,0,1,0,0,0,5.88587534756627
"17",109,1095,0,2.565,11.80268697,0,1,0,0,1,1,1,0,11395,11407,0,0,1,0,0,0,5.96735305286703
"18",110,1101,0,3.045,11.55668052,1,0,0,0,1,1,1,0,1381022,1829022,0,0,0,0,0,0,6.77045762255611
"19",113,1131,1,1.792,11.84268788,0,0,1,0,0,1,0,1,219890,220000,0,1,0,1,0,0,4.43110455113461
"20",114,1141,1,2.485,12.15169378,0,1,0,1,0,0,1,1,5838,5867,0,1,1,0,0,0,2.36251849372626
"21",114,1142,1,2.485,12.15169378,0,1,0,1,0,0,1,1,5822,5867,0,1,1,0,0,0,2.67815523404541
"22",114,1143,1,2.485,12.15169378,0,1,0,1,0,0,1,1,5807,5867,0,1,1,0,0,0,2.95828919702699
"23",115,1151,1,0.693,11.84468793,0,0,0,0,0,0,1,0,27000,85000,0,0,0,0,0,0,5.83282982685444
"24",115,1152,1,0.693,11.84468793,0,0,0,0,0,0,1,0,85000,125000,0,0,0,0,0,0,6.33593726654731
"25",116,1161,0,3.135,11.75168576,0,0,0,0,1,1,0,0,2131000,2382000,0,1,0,1,0,0,7.843796685484
"26",116,1162,0,3.135,11.75168576,0,0,0,0,1,1,0,0,2131000,2382000,0,1,1,0,0,0,7.18771915755065
"27",117,1171,1,2.079,11.59268157,0,0,1,0,0,0,0,0,34000,50000,0,0,0,0,0,0,4.114846857793
"28",117,1172,1,2.079,11.59268157,0,0,1,0,0,0,0,0,34000,75000,0,0,0,0,0,0,3.99261370444692
"29",117,1173,1,2.079,11.59268157,0,0,1,0,0,0,0,0,34000,1e+05,0,0,0,0,0,0,4.11886021652473
"30",119,1191,1,2.833,11.81768732,0,0,1,1,0,0,1,0,9000,10125,1,1,0,0,1,0,4.55615256364215
"31",120,1201,1,0,11.76968619,0,0,1,0,1,1,1,1,36000,41000,1,0,0,0,1,0,3.16018548553965
"32",122,1221,1,1.609,11.89668905,1,0,0,1,0,0,0,0,212378,212708,0,0,0,0,0,0,4.95888338773181
"33",124,1241,0,3.296,12.24569525,0,1,0,0,0,1,1,0,23860,24860,0,0,1,1,0,0,5.38262412381588
"34",124,1242,0,3.296,12.24569525,0,1,0,0,0,1,1,0,23860,26860,0,0,1,1,0,0,5.46820930409947
"35",124,1243,0,3.296,12.24569525,0,1,0,0,0,1,1,0,23860,28860,0,0,1,1,0,0,5.54938822417785
"36",125,1251,1,1.386,11.90368919,1,0,0,0,1,1,1,1,6000,8500,1,1,0,1,0,0,3.8406621991134
"37",125,1252,1,1.386,11.87168851,1,0,0,0,1,1,1,1,6000,8500,1,1,0,1,0,0,3.552219525564
"38",126,1261,1,1.415,10.88181368,0,0,0,1,0,1,0,0,988422,1976843,0,0,1,1,0,1,6.24646539919857
"39",126,1262,1,1.415,10.88181368,0,0,0,1,0,1,0,0,988422,1976843,0,0,0,1,0,1,6.21021524313216
"40",127,1271,1,1.342,11.13604781,0,0,0,1,0,1,0,0,11997,14520,0,0,0,1,0,1,5.67445913598182
"41",128,1281,1,1.342,11.00874438,0,0,0,0,0,1,0,0,949184,1044102,0,0,0,1,0,1,5.83021398528894
"42",128,1282,1,1.322,11.00874438,0,0,0,0,0,1,0,0,949184,1084782,0,0,0,1,0,1,5.85216710822682
"43",128,1283,1,1.322,11.00874438,0,0,0,0,0,1,0,0,949184,1125461,0,0,0,1,0,1,5.87400547364514
"44",128,1284,1,1.322,11.00874438,0,0,0,0,0,1,0,0,949184,1206820,0,0,0,1,0,1,5.91577282248104
"45",128,1285,1,1.322,11.00874438,0,0,0,0,0,1,0,0,949184,1355977,0,0,0,1,0,1,5.99446979929397
"46",129,1291,1,1.146,11.13604781,0,0,0,1,1,1,0,0,4200,8400,1,1,0,0,0,1,4.65342115865685
"47",130,1301,1,1.301,10.91326863,0,0,0,1,1,0,0,1,0,5884,0,0,0,1,1,1,3.61558065798969
"48",130,1302,1,1.301,10.91326863,0,0,0,1,1,0,0,1,0,11300,0,0,0,1,1,1,3.12793176847463
"49",130,1303,1,1.301,10.91326863,0,0,0,1,1,0,0,1,0,7408,0,0,0,1,1,1,3.37049340564595
"50",130,1304,1,1.301,10.91326863,0,0,0,1,1,0,0,1,0,14318,0,0,0,1,1,1,2.85153765579671
"51",131,1311,1,7.606884531,11.13604781,0,0,0,0,1,1,1,1,1307159,1413412,0,0,1,1,0,1,2.54749653424707
"52",131,1312,1,7.606884531,11.13604781,0,0,0,0,1,1,1,1,1307159,1616034,0,0,1,1,0,1,3.25007370324608
"53",132,1321,1,3.295836866,10.88181368,0,0,0,0,1,1,0,0,29652645.8,129948359.5,0,0,0,1,0,1,6.84061315265967
